000065
000090
000498
000628
000928
002051
002060
002061
002062
002116
002135
002140
002307
002323
002398
002469
002542
002586
002628
002738
002755
002781
002883
002887
300284
300492
300500
300517
300635
300675
300712
300732
300746
600039
600068
600083
600133
600170
600284
600339
600491
600502
600510
600512
600528
600629
600769
600820
600846
600853
600939
601068
601117
601186
601390
601611
601618
601668
601669
601789
601800
603017
603018
603060
603098
603183
603357
603458
603637
603843
603860
603887
603909
603929
603959
603979