000979
600890
600322
000918
900957
600606
000560
600340
603506
002305
002377
000043
002146
000691
600173
600007
000671
600383
600724
600048
600657
600565
600684
600325
000656
001979
600748
000620
600823
000926
600240
600223
600208
000615
600665
600663
600638
000965
600185
000608
601155
600675
000732
600736
000502
600817
000002
000537
900950
200024
000024
200029
900955
200002
600848
200056
900932
600246
000517
600466
900911
000029
600067
600773
900940
600733
000540
900928
000031
002147
000036
200168
000534
200011
000961
000056
000797
002133
600696
600177
000718
002208
600658
000667
600807
600376
000069
000736
600791
000838
000573
002285
600225
600064
600533
002244
600649
000402
600708
600159
000616
000897
600743
601588
600215
000668
000006
600266
002314
600052
600683
600639
600393
600503
000007
002016
000631
000863
000558
600510
600162
600077
600716
000514
600094
002077
600239
600555
600641
600515
000046
000886
600730
000042
000011
900902
600158
600732
600622
000014
200160
600604